0 0.959167 0.834444 0.071617 0.317488
0 0.884025 0.828527 0.071617 0.317472
0 0.810587 0.830507 0.071625 0.317472
0 0.735446 0.829187 0.071625 0.317472
0 0.661667 0.828527 0.071617 0.317472
0 0.587888 0.829187 0.071625 0.317472
0 0.514450 0.828527 0.071617 0.317472
0 0.369608 0.824597 0.071617 0.317472
0 0.296508 0.824597 0.071617 0.317472
0 0.223750 0.825242 0.071617 0.317472
0 0.812904 0.163019 0.071625 0.317472
0 0.664800 0.166965 0.071617 0.317472
0 0.590950 0.165386 0.071617 0.317472
0 0.516696 0.166176 0.071625 0.317472
0 0.442442 0.170113 0.071617 0.317488
0 0.369000 0.169324 0.071617 0.317488
0 0.152054 0.171151 0.071625 0.317472
0 0.224408 0.170717 0.071617 0.317472