0 0.965164 0.735201 0.069672 0.291434
0 0.278695 0.404357 0.099312 0.289132
0 0.378564 0.403901 0.097465 0.286538
0 0.180480 0.403187 0.097781 0.288176
0 0.079439 0.403654 0.101770 0.289110
0 0.576553 0.404253 0.097262 0.285934
0 0.776602 0.403261 0.097508 0.285698
0 0.877139 0.404115 0.098574 0.283725
0 0.077629 0.735236 0.099891 0.291484
0 0.278443 0.735964 0.096738 0.289885
0 0.378176 0.734115 0.094633 0.291363
0 0.576625 0.734508 0.095289 0.289533
0 0.677098 0.735948 0.097844 0.292203
0 0.878061 0.736162 0.097262 0.292720