0 0.097339 0.507704 0.168736 0.103746
0 0.267114 0.297224 0.168078 0.104899
0 0.098189 0.298943 0.168293 0.106052
0 0.097849 0.612392 0.169091 0.103746
0 0.268433 0.610874 0.167568 0.104092
0 0.098688 0.716407 0.167576 0.104092
0 0.099464 0.819846 0.167576 0.104092
0 0.268518 0.817550 0.167576 0.104092
0 0.268651 0.921095 0.167576 0.104092
0 0.631098 0.913372 0.167576 0.104092
0 0.799368 0.911513 0.167576 0.104102
0 0.630872 0.810634 0.167568 0.104092
0 0.798987 0.807743 0.167568 0.104092
0 0.630950 0.708814 0.167738 0.100240
0 0.799217 0.706215 0.167539 0.100615
0 0.798596 0.603939 0.167184 0.105668
0 0.630170 0.607550 0.167184 0.102517
0 0.629978 0.504183 0.167184 0.102507
0 0.799165 0.502032 0.166800 0.102507
0 0.799372 0.396782 0.167184 0.102517
0 0.630096 0.401085 0.167184 0.102517
0 0.630067 0.295711 0.167184 0.102507
0 0.801678 0.292613 0.167184 0.102517
0 0.800495 0.187613 0.167184 0.102507
0 0.630665 0.189678 0.167184 0.102507
0 0.630503 0.083598 0.167184 0.102507
0 0.803082 0.082209 0.167184 0.102517
0 0.267572 0.087238 0.167694 0.108674
0 0.098817 0.194736 0.167480 0.106782
0 0.267295 0.191945 0.168145 0.106792
0 0.267853 0.506547 0.167576 0.103718