0 0.450668 0.348593 0.090391 0.180902
0 0.357982 0.347978 0.094145 0.183388
0 0.174905 0.348600 0.115391 0.185915
0 0.083464 0.346414 0.121655 0.185314
0 0.937418 0.185840 0.117473 0.145861
0 0.858477 0.182083 0.110391 0.145861
0 0.779541 0.182398 0.104136 0.146489
0 0.698064 0.182145 0.098309 0.147732
0 0.099509 0.852889 0.152455 0.294221
0 0.216977 0.852923 0.137973 0.294153
0 0.335695 0.854426 0.124464 0.291148
0 0.574141 0.852684 0.128464 0.292254
0 0.689041 0.852923 0.139336 0.294153
0 0.804127 0.852548 0.154564 0.294904
0 0.916409 0.852172 0.167182 0.295656
0 0.045632 0.176284 0.091264 0.152650
0 0.117505 0.173818 0.104973 0.151489
0 0.201650 0.175389 0.099973 0.149604
0 0.367109 0.179310 0.083727 0.147145
0 0.899723 0.349536 0.124536 0.176530
0 0.812227 0.349221 0.117909 0.177158