0 0.894403 0.812100 0.064306 0.274270
0 0.105585 0.173811 0.060445 0.264506
0 0.164974 0.172740 0.060228 0.263978
0 0.225374 0.172643 0.060228 0.263978
0 0.284772 0.172045 0.058212 0.263421
0 0.343535 0.171398 0.057875 0.262962
0 0.401433 0.170327 0.057875 0.262962
0 0.460434 0.169631 0.057875 0.262962
0 0.519103 0.166947 0.057875 0.262962
0 0.577738 0.166474 0.057875 0.262962
0 0.636525 0.163296 0.059572 0.261502
0 0.697801 0.161968 0.061165 0.263574
0 0.758966 0.159597 0.063335 0.262726
0 0.821785 0.158213 0.064140 0.262740
0 0.883966 0.157670 0.064335 0.264715
0 0.948544 0.157253 0.073101 0.265271
0 0.101442 0.826495 0.059823 0.272462
0 0.161985 0.824228 0.062279 0.272378
0 0.222727 0.822170 0.061114 0.272434
0 0.283295 0.820584 0.058995 0.273992
0 0.343027 0.820188 0.061176 0.273755
0 0.402724 0.817823 0.058972 0.274312
0 0.462404 0.815640 0.059360 0.274312
0 0.522559 0.813408 0.061336 0.273825
0 0.583147 0.812921 0.061336 0.273825
0 0.643978 0.813352 0.063512 0.274548
0 0.705625 0.814465 0.064021 0.273713
0 0.768075 0.814812 0.066362 0.273853