0 0.958958 0.358857 0.079917 0.315492
0 0.050833 0.668016 0.075167 0.299524
0 0.124542 0.670770 0.073750 0.301317
0 0.199046 0.669429 0.074242 0.301143
0 0.272467 0.668770 0.076233 0.303730
0 0.423283 0.668087 0.074600 0.297159
0 0.498600 0.670722 0.076300 0.298556
0 0.651313 0.671992 0.074208 0.298556
0 0.726254 0.670976 0.074492 0.298683
0 0.801625 0.672222 0.075083 0.300635
0 0.878971 0.670873 0.074725 0.300476
0 0.955554 0.669302 0.074725 0.300476
0 0.045979 0.358952 0.075892 0.312413
0 0.345092 0.356087 0.074217 0.315413
0 0.420492 0.357960 0.074217 0.315413
0 0.497129 0.359802 0.074742 0.315476
0 0.573450 0.358857 0.071850 0.315492
0 0.881958 0.360714 0.080250 0.311905