0 0.356808 0.119896 0.089671 0.239792
0 0.270012 0.121875 0.084155 0.242500
0 0.183744 0.123438 0.086033 0.246458
0 0.103169 0.125833 0.081221 0.251667
0 0.032324 0.126104 0.064648 0.252208
0 0.447711 0.118438 0.090728 0.236875
0 0.539202 0.118958 0.090728 0.236875
0 0.631385 0.118698 0.092864 0.237396
0 0.719190 0.117500 0.088850 0.235000
0 0.801995 0.118437 0.086385 0.234375
0 0.883979 0.118646 0.083451 0.236458
0 0.963192 0.118958 0.073615 0.237917
0 0.889718 0.766667 0.079343 0.295500
0 0.033903 0.777594 0.067805 0.305271
0 0.104460 0.781146 0.083099 0.309375
0 0.186444 0.783646 0.089789 0.312708
0 0.274002 0.783958 0.089554 0.313750
0 0.361561 0.783021 0.091667 0.314792
0 0.543486 0.781146 0.089554 0.316042
0 0.634331 0.781229 0.089554 0.312542
0 0.722641 0.776458 0.086174 0.307083
0 0.808873 0.773125 0.081080 0.305833
0 0.963732 0.761667 0.072535 0.287500