0 0.971065 0.821844 0.057871 0.250027
0 0.037500 0.159331 0.075000 0.209754
0 0.113024 0.160820 0.103758 0.209126
0 0.200403 0.161913 0.105355 0.210929
0 0.619871 0.157213 0.104290 0.203716
0 0.285702 0.163074 0.102177 0.213634
0 0.369774 0.158142 0.104290 0.205574
0 0.566137 0.368538 0.110661 0.211940
0 0.481524 0.371298 0.110694 0.206421
0 0.935153 0.161202 0.112274 0.195628
0 0.044790 0.376954 0.089581 0.214727
0 0.959677 0.365697 0.080645 0.199973
0 0.817556 0.365437 0.108016 0.207322
0 0.734790 0.365437 0.111710 0.207377
0 0.898766 0.826995 0.118661 0.241639
0 0.813065 0.832883 0.115484 0.240792
0 0.723952 0.835137 0.123452 0.239672
0 0.633234 0.838730 0.120790 0.234290
0 0.545452 0.841844 0.115419 0.237077
0 0.452847 0.843648 0.116532 0.237077
0 0.361315 0.844549 0.112274 0.240683