0 0.672135 0.378431 0.069888 0.349020
0 0.882022 0.413627 0.071775 0.336863
0 0.045056 0.685784 0.060000 0.368627
0 0.106118 0.686520 0.058753 0.373039
0 0.165697 0.688725 0.059708 0.368627
0 0.958657 0.773505 0.070798 0.339559
0 0.906809 0.764069 0.073169 0.337941
0 0.801140 0.752304 0.069112 0.349804
0 0.779494 0.984289 0.009056 0.008775
0 0.745949 0.744265 0.070775 0.348333
0 0.635466 0.735588 0.070461 0.352745
0 0.578191 0.725956 0.067438 0.346912
0 0.284629 0.701789 0.064090 0.360049
0 0.224972 0.694632 0.064753 0.364461
0 0.044129 0.311520 0.057472 0.353431
0 0.335135 0.331078 0.064270 0.351569
0 0.450039 0.348333 0.063966 0.348431