0 0.062812 0.473150 0.063639 0.236356
0 0.830662 0.484675 0.063639 0.236356
0 0.637383 0.722740 0.063639 0.236384
0 0.894812 0.485706 0.063639 0.236384
0 0.958120 0.487797 0.063639 0.236384
0 0.956346 0.726794 0.063639 0.236356
0 0.832699 0.053390 0.062421 0.106780
0 0.896391 0.054237 0.062857 0.108475
0 0.961474 0.054054 0.062857 0.108107
0 0.892797 0.725523 0.063639 0.236356
0 0.829165 0.724703 0.062241 0.236469
0 0.764827 0.723785 0.063639 0.236384
0 0.701023 0.724280 0.063639 0.236356
0 0.704917 0.051836 0.062767 0.103672
0 0.703414 0.483503 0.063639 0.236384
0 0.447684 0.048870 0.062887 0.097740
0 0.383308 0.049153 0.063158 0.098305
0 0.318947 0.048729 0.062857 0.097458
0 0.123414 0.712288 0.063639 0.236384
0 0.187008 0.713319 0.063639 0.236356
0 0.250872 0.713842 0.063639 0.236384
0 0.315023 0.716977 0.063639 0.236384
0 0.380286 0.718023 0.063639 0.236384
0 0.444165 0.719251 0.063639 0.236356
0 0.508962 0.720127 0.063639 0.236356
0 0.638165 0.481935 0.063639 0.236356
0 0.574015 0.481412 0.063639 0.236384
0 0.509865 0.480381 0.063639 0.236356