0 0.650070 0.069240 0.081882 0.072613
0 0.105871 0.079680 0.102079 0.072747
0 0.190091 0.077287 0.102065 0.072760
0 0.267051 0.076313 0.088090 0.072893
0 0.337711 0.074960 0.078792 0.072320
0 0.408982 0.074140 0.074733 0.072280
0 0.721910 0.066567 0.091292 0.072627
0 0.051103 0.263893 0.102205 0.100107
0 0.402107 0.260133 0.086517 0.099467
0 0.488764 0.258133 0.085112 0.099200
0 0.573385 0.257000 0.091433 0.100133
0 0.852247 0.252533 0.115449 0.100533
0 0.127992 0.369760 0.114270 0.113467
0 0.223034 0.369467 0.116292 0.114400
0 0.328792 0.367933 0.114326 0.114267
0 0.428371 0.367200 0.093258 0.114667
0 0.734494 0.363040 0.112247 0.115200
0 0.921699 0.360800 0.125983 0.116000
0 0.062999 0.680020 0.125997 0.170867
0 0.167697 0.680733 0.153090 0.170533
0 0.413933 0.679760 0.113933 0.170400
0 0.757605 0.679593 0.152177 0.173027
0 0.037767 0.872747 0.075534 0.199067
0 0.115590 0.872153 0.174888 0.203453
0 0.366250 0.871493 0.131348 0.207360
0 0.492697 0.872800 0.127247 0.209333
0 0.629424 0.872000 0.157444 0.209067
0 0.773258 0.873853 0.180815 0.211200
0 0.909775 0.872880 0.174607 0.212000