0 0.928350 0.199191 0.143301 0.142187
0 0.070907 0.363350 0.141814 0.164825
0 0.148007 0.395657 0.233399 0.165432
0 0.274142 0.426296 0.234559 0.168143
0 0.530621 0.488787 0.235490 0.172978
0 0.660302 0.519706 0.237239 0.178750
0 0.790474 0.551425 0.239967 0.181121
0 0.072598 0.551553 0.145196 0.199614
0 0.152116 0.570625 0.240866 0.175331
0 0.279820 0.603975 0.239575 0.176241
0 0.405449 0.637845 0.249788 0.180377
0 0.535082 0.672541 0.249575 0.184513
0 0.673505 0.706613 0.241127 0.183447
0 0.220686 0.047275 0.197941 0.094550
0 0.465678 0.085312 0.209820 0.134412
0 0.588072 0.113323 0.209804 0.138226
0 0.710940 0.142137 0.209820 0.137950