0 0.624466 0.494382 0.118724 0.207159
0 0.758148 0.417279 0.139849 0.208727
0 0.497995 0.236734 0.156094 0.144225
0 0.028464 0.192292 0.056927 0.145470
0 0.086625 0.166504 0.079729 0.147989
0 0.220430 0.109792 0.080151 0.135212
0 0.282773 0.082385 0.081849 0.134493
0 0.344341 0.060470 0.082255 0.120941
0 0.747586 0.656388 0.183797 0.191559
0 0.406810 0.885346 0.204026 0.225858
0 0.061380 0.837851 0.122760 0.289723
0 0.156190 0.769304 0.107307 0.252334
0 0.325026 0.676628 0.117844 0.247666
0 0.403292 0.624756 0.114323 0.238312
0 0.552344 0.535650 0.118750 0.224271