0 0.045667 0.014654 0.114917 0.012238 0.117600 0.329903 0.046500 0.331240
0 0.000000 0.668921 0.043333 0.668277 0.044925 0.978519 0.000000 0.979356
0 -0.000000 0.012206 0.043842 0.010676 0.046525 0.328341 -0.000000 0.329211
0 0.924867 0.004605 0.996883 0.004219 0.998058 0.319791 0.925258 0.319791
0 0.851408 0.005169 0.923425 0.004799 0.924608 0.320370 0.851808 0.320370
0 0.702117 0.007488 0.774125 0.007101 0.775308 0.322673 0.702508 0.322673
0 0.405742 0.671095 0.477758 0.670709 0.478933 0.986280 0.406133 0.986280
0 0.117000 0.666989 0.186442 0.667955 0.187625 0.983527 0.117750 0.981159
0 0.044258 0.665974 0.116267 0.665588 0.117450 0.981176 0.044650 0.981176
1 0.923358 0.677230 0.994975 0.675700 0.994975 0.991288 0.924142 0.993188
1 0.848217 0.671320 0.919833 0.669791 0.919833 0.985362 0.849000 0.987262
1 0.774775 0.673285 0.846400 0.671771 0.846400 0.987343 0.775567 0.989243
1 0.699633 0.671981 0.771258 0.670451 0.771258 0.986023 0.700425 0.987923
1 0.625858 0.671320 0.697475 0.669791 0.697475 0.985362 0.626642 0.987262
1 0.552075 0.671981 0.623700 0.670451 0.623700 0.986023 0.552867 0.987923
1 0.478642 0.671320 0.550258 0.669791 0.550258 0.985362 0.479425 0.987262
1 0.333800 0.667375 0.405417 0.665862 0.405417 0.981433 0.334583 0.983333
1 0.260700 0.667375 0.332317 0.665862 0.332317 0.981433 0.261492 0.983333
1 0.187942 0.668035 0.259558 0.666506 0.259558 0.982077 0.188725 0.983977
1 0.777092 0.005797 0.848717 0.004283 0.848717 0.319855 0.777883 0.321755
1 0.628992 0.009742 0.700608 0.008229 0.700608 0.323800 0.629775 0.325700
1 0.555142 0.008164 0.626758 0.006651 0.626758 0.322222 0.555925 0.324122
1 0.480883 0.008953 0.552508 0.007440 0.552508 0.323011 0.481675 0.324911
1 0.406633 0.012899 0.478250 0.011369 0.478250 0.326940 0.407417 0.328857
1 0.333192 0.012110 0.404808 0.010580 0.404808 0.326167 0.333975 0.328068
1 0.116242 0.013929 0.187867 0.012415 0.187867 0.327987 0.117033 0.329887
1 0.188600 0.013510 0.260217 0.011981 0.260217 0.327552 0.189383 0.329452
0 0.260017 0.011981 0.332033 0.011610 0.333217 0.327182 0.260417 0.327182