1 0.738323 0.171109 0.813631 0.139179 0.859400 0.324702 0.783277 0.355339
1 0.033308 0.443532 0.111108 0.414846 0.154077 0.603532 0.074923 0.632218
1 0.000000 0.456653 0.031738 0.444949 0.074708 0.633634 0.000000 0.660698
1 0.113323 0.413696 0.191123 0.385010 0.234092 0.573676 0.154938 0.602361
1 0.193108 0.384127 0.269077 0.355441 0.313892 0.544127 0.234723 0.572813
1 0.270462 0.353593 0.350385 0.322854 0.393354 0.511520 0.314200 0.540205
1 0.350769 0.321971 0.427385 0.294045 0.471231 0.481520 0.393554 0.510103
1 0.429231 0.293429 0.506538 0.263470 0.551846 0.449897 0.472708 0.479528
1 0.507077 0.262218 0.581692 0.233470 0.627846 0.419713 0.552554 0.449630
1 0.582615 0.232033 0.657923 0.200123 0.703692 0.385626 0.627554 0.416283
1 0.659923 0.200945 0.735231 0.169035 0.781000 0.354538 0.704877 0.385195
1 0.816692 0.139466 0.892000 0.107556 0.937769 0.293060 0.861631 0.323717
1 0.894431 0.108973 0.969754 0.077064 1.000000 0.199692 1.000000 0.268830 0.939385 0.293224
1 0.861862 0.326879 0.937169 0.294969 0.986462 0.480903 0.908615 0.511294
0 0.939923 0.295298 1.000000 0.269836 1.000000 0.473799 0.987538 0.479877
0 0.782308 0.356674 0.860046 0.325483 0.907538 0.512936 0.828769 0.543943
1 0.704923 0.387474 0.781231 0.357495 0.828262 0.544805 0.751385 0.576797
1 0.627569 0.419487 0.703877 0.389507 0.750908 0.576817 0.674031 0.608809
0 0.551846 0.451129 0.626769 0.421437 0.673815 0.608747 0.596923 0.640739
1 0.472846 0.483347 0.550308 0.452156 0.596185 0.640678 0.517385 0.673717
1 0.393954 0.513491 0.471415 0.482279 0.515846 0.672895 0.438492 0.703840
0 0.315415 0.544497 0.392877 0.513306 0.437308 0.703901 0.359954 0.734867
1 0.234692 0.575996 0.312169 0.544805 0.356600 0.735421 0.279246 0.766366
1 0.155908 0.605811 0.233369 0.574620 0.277800 0.765216 0.199077 0.798563
1 0.075231 0.634908 0.153846 0.606366 0.198338 0.797577 0.119615 0.830903
1 0.000000 0.663162 0.074262 0.636201 0.118308 0.831622 0.036308 0.863860 0.000000 0.696099
0 0.413846 0.983778 0.494877 0.947823 0.507015 1.000000 0.417231 1.000000
1 0.495692 0.947536 0.574308 0.915811 0.594000 1.000000 0.507692 1.000000
1 0.575292 0.914805 0.653908 0.883080 0.680308 1.000000 0.596154 1.000000
1 0.654523 0.882567 0.733138 0.850842 0.769077 1.000000 0.682154 1.000000
1 0.734277 0.850986 0.812000 0.819302 0.856462 1.000000 0.770154 1.000000
1 0.812523 0.817782 0.891138 0.786057 0.938662 0.983060 0.894815 1.000000 0.857277 0.999897
1 0.891477 0.785585 0.970092 0.753840 1.000000 0.877967 1.000000 0.957700 0.939538 0.982546
1 0.016969 0.000000 0.058615 0.175975 0.000000 0.202259 0.000000 0.000000
1 0.100615 0.000000 0.134154 0.147228 0.059385 0.175359 0.017754 0.000000
1 0.187862 0.000000 0.216308 0.122177 0.135231 0.145791 0.101554 0.000000
1 0.270462 0.000000 0.291231 0.088296 0.216923 0.121561 0.188354 0.000000
1 0.357815 0.000000 0.372615 0.058727 0.291985 0.087536 0.271385 0.000000