1 0.930328 0.589484 1.000000 0.589995 1.000000 0.880918 0.932445 0.880918
1 0.231348 0.259791 0.327891 0.260440 0.328352 0.548923 0.229039 0.548923
1 0.329832 0.260632 0.427297 0.261286 0.427297 0.547170 0.329832 0.547170
0 0.429102 0.261802 0.526566 0.261802 0.526105 0.547692 0.428637 0.547044
0 0.626879 0.259099 0.724660 0.260038 0.725324 0.546341 0.628211 0.545407
0 0.927980 0.265962 1.000000 0.267522 1.000000 0.288951 0.999488 0.541973 0.929645 0.542753
0 0.130918 0.590357 0.226938 0.590874 0.227305 0.879478 0.129824 0.877940
1 0.132918 0.259099 0.229371 0.259099 0.227375 0.547275 0.131590 0.546341
1 0.031879 0.259099 0.130324 0.259099 0.129660 0.548209 0.028555 0.546341
0 0.429434 0.589324 0.525645 0.590060 0.525117 0.876247 0.428910 0.876247
2 0.727523 0.589247 0.825836 0.589247 0.828984 0.879121 0.728578 0.878390
1 0.527922 0.261286 0.624305 0.261901 0.625184 0.547220 0.528359 0.545989
1 0.727848 0.260412 0.824598 0.261264 0.825355 0.545940 0.728180 0.546110
1 0.827852 0.262253 0.925516 0.263962 0.926426 0.544698 0.829371 0.545978
1 0.030312 0.589495 0.127574 0.591346 0.125824 0.880363 0.027684 0.880978
1 0.230074 0.591022 0.325758 0.591022 0.326813 0.880907 0.231129 0.880907
1 0.330859 0.588434 0.424965 0.589912 0.425492 0.879797 0.331383 0.876841
1 0.528980 0.589742 0.624270 0.590769 0.623941 0.879275 0.529309 0.877835
1 0.628543 0.589846 0.724195 0.590357 0.726020 0.882049 0.628176 0.881022
1 0.829430 0.589802 0.925375 0.590418 0.926691 0.881907 0.832934 0.882522