1 0.014132 0.458050 0.181338 0.455831 0.181707 0.558617 0.012971 0.559577
0 0.183385 0.351883 0.350554 0.351873 0.350850 0.453602 0.183888 0.454275
0 0.014021 0.354092 0.181227 0.351873 0.181596 0.454659 0.012860 0.455620
1 0.183075 0.246302 0.351153 0.244774 0.350414 0.349673 0.183222 0.348799
1 0.015078 0.249280 0.182336 0.245917 0.181523 0.349183 0.014043 0.351969
1 0.013304 0.562728 0.182025 0.560519 0.182395 0.663305 0.013659 0.664265
1 0.184649 0.561037 0.351848 0.558828 0.352217 0.661614 0.185366 0.662920
1 0.014900 0.666580 0.182106 0.664361 0.182476 0.767147 0.015625 0.768453
0 0.184649 0.664380 0.351855 0.662171 0.352225 0.764957 0.185373 0.766263
1 0.015676 0.770010 0.182882 0.767800 0.183252 0.870586 0.016401 0.871892
1 0.184730 0.767714 0.351936 0.765504 0.352306 0.868290 0.185455 0.869597
0 0.015905 0.873333 0.183104 0.871114 0.183474 0.973900 0.016622 0.975207
1 0.184863 0.871268 0.352069 0.869049 0.352439 0.971835 0.185588 0.973141
1 0.547310 0.863535 0.714516 0.861326 0.714885 0.964111 0.548027 0.965418
1 0.715580 0.861681 0.882786 0.859462 0.883156 0.962248 0.716305 0.963564
1 0.547088 0.760797 0.714287 0.758588 0.714656 0.861374 0.547805 0.862680
1 0.715203 0.757906 0.882402 0.755696 0.882772 0.858482 0.715920 0.859789
1 0.547081 0.662056 0.714191 0.658694 0.714819 0.757627 0.547967 0.758934
1 0.715447 0.658790 0.882631 0.655908 0.882986 0.755216 0.716135 0.756523
1 0.715004 0.557157 0.881818 0.551105 0.882188 0.653794 0.715373 0.656772
1 0.546578 0.559193 0.713378 0.556292 0.713762 0.655831 0.546948 0.658809
1 0.546386 0.455821 0.713186 0.452930 0.713570 0.552459 0.546755 0.555437
1 0.715765 0.453670 0.882565 0.450778 0.881153 0.548799 0.716135 0.553285
1 0.715780 0.348425 0.882579 0.345524 0.882964 0.445062 0.716149 0.448040
1 0.546504 0.352728 0.713304 0.349827 0.713688 0.449366 0.546874 0.452344
1 0.546475 0.247349 0.713274 0.244457 0.713659 0.343987 0.546844 0.346964
1 0.718086 0.244256 0.884885 0.241354 0.885270 0.340893 0.718455 0.343871
1 0.716903 0.139251 0.883703 0.136359 0.884087 0.235889 0.717273 0.238866
1 0.547073 0.141316 0.713865 0.138425 0.714257 0.237954 0.547443 0.240932
1 0.546911 0.035235 0.713710 0.032344 0.714095 0.131873 0.547280 0.134851
1 0.719490 0.033852 0.886290 0.030951 0.886674 0.130490 0.719860 0.133468
1 0.184191 0.037426 0.350495 0.032901 0.351419 0.138559 0.183725 0.141575
1 0.015351 0.145879 0.181656 0.141345 0.182557 0.245149 0.015078 0.248127
1 0.184109 0.143074 0.350407 0.138549 0.351367 0.243996 0.183222 0.245341
0 0.015196 0.040279 0.181500 0.035754 0.182432 0.141412 0.014730 0.144428
1 0.184065 0.456897 0.351271 0.454688 0.351641 0.557474 0.184405 0.558405