0 0.469208 0.345870 0.526885 0.346269 0.526156 0.560065 0.469229 0.560620
0 0.166125 0.823500 0.226521 0.825667 0.226281 1.000000 0.166125 1.000000
0 0.105094 0.821917 0.165490 0.824093 0.165260 1.000000 0.105104 1.000000
0 0.226771 0.825833 0.286771 0.825833 0.286740 1.000000 0.226583 1.000000
0 0.287458 0.825426 0.347458 0.825426 0.347448 1.000000 0.287292 1.000000
0 0.347563 0.826389 0.407562 0.826389 0.407557 1.000000 0.347401 1.000000
0 0.407813 0.827000 0.467813 0.827000 0.467802 1.000000 0.407646 1.000000
1 0.468125 0.826630 0.528125 0.826630 0.528120 1.000000 0.467964 1.000000
0 0.528240 0.827000 0.588240 0.827000 0.588229 1.000000 0.528073 1.000000
0 0.588146 0.826269 0.648146 0.826269 0.648135 1.000000 0.587984 1.000000
1 0.648464 0.826269 0.708464 0.826269 0.708453 1.000000 0.648297 1.000000
0 0.708781 0.826269 0.768781 0.826269 0.768771 1.000000 0.708615 1.000000
1 0.769297 0.824824 0.825208 0.824815 0.825417 1.000000 0.769135 0.999398
0 0.826922 0.826176 0.888073 0.826204 0.890417 1.000000 0.826760 1.000000
0 0.770083 0.343676 0.827760 0.344074 0.827031 0.557870 0.770104 0.558426
1 0.828984 0.344444 0.891510 0.344815 0.891615 0.559907 0.829005 0.559194
0 0.710391 0.344731 0.768068 0.345139 0.767339 0.558935 0.710411 0.559491
1 0.649563 0.344852 0.707240 0.345250 0.706510 0.559046 0.649583 0.559602
0 0.589802 0.344083 0.647484 0.344481 0.646755 0.558278 0.589828 0.558833
0 0.529958 0.345722 0.587635 0.346120 0.586906 0.559917 0.529979 0.560472
0 0.408234 0.345333 0.465911 0.345731 0.466354 0.559537 0.408255 0.560083
0 0.348557 0.345102 0.406240 0.345500 0.406677 0.559306 0.348583 0.559852
0 0.287604 0.346389 0.347062 0.346370 0.347505 0.560176 0.287708 0.560741
0 0.226547 0.346593 0.286005 0.346574 0.286448 0.560380 0.226651 0.560944
0 0.166437 0.346593 0.225896 0.346574 0.226339 0.560380 0.166542 0.560944
0 0.106120 0.345509 0.165578 0.345491 0.166021 0.559287 0.106224 0.559861
0 0.105828 0.128444 0.165286 0.128426 0.165729 0.342231 0.105932 0.342796
0 0.287016 0.128880 0.346479 0.128861 0.346917 0.342667 0.287120 0.343231
0 0.166224 0.129315 0.225682 0.129296 0.226125 0.343102 0.166328 0.343667
0 0.226130 0.129315 0.285589 0.129296 0.286031 0.343102 0.226234 0.343667
0 0.347635 0.129667 0.407094 0.129648 0.407536 0.343454 0.347740 0.344019
0 0.407495 0.129667 0.466953 0.129648 0.467396 0.343454 0.407599 0.344019
1 0.468062 0.130296 0.527521 0.130269 0.527958 0.344074 0.468167 0.344648
1 0.528974 0.129667 0.588432 0.129648 0.588875 0.343454 0.529078 0.344019
1 0.588911 0.128454 0.648370 0.128435 0.648813 0.342241 0.589016 0.342806
1 0.648563 0.128759 0.708021 0.128731 0.708464 0.342537 0.648667 0.343111
1 0.709693 0.128759 0.769151 0.128731 0.769594 0.342537 0.709797 0.343111
1 0.770089 0.127889 0.829547 0.127870 0.828281 0.342130 0.770193 0.342241
1 0.829437 0.127722 0.892083 0.128611 0.891562 0.341481 0.829542 0.342074