1 0.668586 0.512861 0.716008 0.512583 0.717578 0.684597 0.670234 0.685292
1 0.215570 0.503986 0.263117 0.504583 0.260227 0.678778 0.212172 0.679986
1 0.270391 0.505278 0.317812 0.505000 0.315672 0.677083 0.267617 0.678292
1 0.325305 0.505653 0.372727 0.505375 0.370586 0.677458 0.322531 0.678667
1 0.380078 0.505222 0.427500 0.504944 0.425359 0.677028 0.377305 0.678236
0 0.449180 0.508736 0.496602 0.508458 0.494461 0.680528 0.446406 0.681736
1 0.501719 0.508611 0.551859 0.508278 0.549719 0.680347 0.501664 0.681556
1 0.613750 0.511736 0.661172 0.511458 0.662734 0.683472 0.615391 0.684167
1 0.943359 0.518014 0.990781 0.517736 0.992344 0.689764 0.945000 0.690458
1 0.558992 0.510833 0.606414 0.510556 0.607969 0.682639 0.557422 0.681667
1 0.905312 0.064167 0.953047 0.062778 0.955039 0.225514 0.907695 0.226208
1 0.959414 0.063139 1.000000 0.061958 1.000000 0.224611 0.961797 0.225167
1 0.851273 0.064125 0.899008 0.062736 0.901000 0.225472 0.853656 0.226167
2 0.795766 0.063694 0.843500 0.062306 0.845492 0.225028 0.798148 0.225722
1 0.741727 0.066736 0.789461 0.065347 0.791453 0.228069 0.744109 0.228764
1 0.688180 0.064556 0.735914 0.063167 0.737906 0.225903 0.690562 0.226597
1 0.633406 0.064986 0.681141 0.063597 0.683133 0.226333 0.635789 0.227028
1 0.579609 0.064556 0.627344 0.063167 0.629336 0.225903 0.581992 0.226597
1 0.525328 0.065431 0.573063 0.064042 0.575055 0.226764 0.527711 0.227458
0 0.471508 0.063847 0.519242 0.062458 0.521234 0.225181 0.473891 0.225875
1 0.368805 0.064569 0.420000 0.063194 0.421172 0.225972 0.371188 0.226597
1 0.315008 0.062028 0.362742 0.060639 0.364734 0.223375 0.317391 0.224069
1 0.261219 0.062389 0.308953 0.061000 0.310945 0.223736 0.263602 0.224431
1 0.207828 0.062389 0.255563 0.061000 0.257555 0.223736 0.210211 0.224431
1 0.153625 0.062389 0.201359 0.061000 0.203352 0.223736 0.156008 0.224431
1 0.100031 0.062389 0.147766 0.061000 0.149758 0.223736 0.102414 0.224431
1 0.051094 0.062361 0.093977 0.061000 0.095969 0.223736 0.054922 0.223750
1 0.000000 0.055111 0.046703 0.053764 0.046875 0.223750 0.000000 0.228472 0.000000 0.125542
1 0.158047 0.505000 0.208508 0.503111 0.210500 0.665847 0.158750 0.666944
1 0.888953 0.516569 0.936375 0.516292 0.938359 0.688333 0.890594 0.689014
1 0.833930 0.516208 0.881352 0.515931 0.882922 0.687944 0.836641 0.687917
1 0.778992 0.516278 0.826414 0.516000 0.827977 0.688028 0.780633 0.688722
1 0.723570 0.517000 0.770992 0.516722 0.772563 0.688750 0.725219 0.689444