0 0.583345 0.260642 0.662073 0.260642 0.685400 0.434044 0.597091 0.437172
1 0.411300 0.258142 0.491700 0.258142 0.495864 0.437172 0.405473 0.439044
1 0.323000 0.256284 0.405055 0.257514 0.402973 0.439672 0.310909 0.437801
0 0.235927 0.256885 0.318827 0.256885 0.306327 0.436544 0.216773 0.437172
1 0.150118 0.255642 0.232600 0.256885 0.210100 0.436544 0.117209 0.441557
1 0.022636 0.439071 0.113464 0.438415 0.144291 0.255014 0.061809 0.253757
1 0.878682 0.112910 0.957409 0.113538 0.996155 0.258770 0.916591 0.256257
1 0.803282 0.113538 0.871600 0.109153 0.913673 0.254385 0.833273 0.255014
1 0.727473 0.111667 0.796200 0.109153 0.831609 0.255642 0.751627 0.252500
1 0.648909 0.108907 0.719309 0.108279 0.747218 0.254754 0.668482 0.256011
0 0.570182 0.109563 0.642245 0.107650 0.663900 0.254139 0.582273 0.252322
1 0.070264 0.705779 0.175736 0.706530 0.144436 1.000000 0.074218 1.000000 0.023282 0.998730
1 0.184482 0.708852 0.285964 0.705847 0.266482 1.000000 0.241845 1.000000 0.147991 0.998811
1 0.291955 0.709604 0.397927 0.708852 0.390500 1.000000 0.290555 1.000000 0.273464 0.999563
0 0.402427 0.710355 0.504900 0.706598 0.514245 1.000000 0.398436 1.000000
1 0.509909 0.706557 0.615364 0.706557 0.638373 0.997309 0.522900 0.998811
1 0.619373 0.708101 0.721845 0.705847 0.758709 1.000000 0.643655 1.000000
1 0.726845 0.705096 0.826818 0.706598 0.881409 1.000000 0.766091 1.000000
1 0.832818 0.706598 0.932291 0.704344 1.000000 0.986270 1.000000 1.000000 0.883945 1.000000
1 0.015027 0.099959 0.091264 0.099959 0.058355 0.249563 0.000000 0.252609 0.000000 0.237719
1 0.065018 0.248306 0.146664 0.249563 0.169991 0.102459 0.095845 0.098074
1 0.151664 0.248306 0.232891 0.250191 0.251636 0.100587 0.175409 0.102459
0 0.256718 0.104085 0.331282 0.104713 0.319200 0.254317 0.236718 0.251189
1 0.334818 0.105738 0.408973 0.106407 0.405218 0.252883 0.325245 0.251011
0 0.412718 0.105150 0.487282 0.104522 0.492727 0.252322 0.411882 0.251011
0 0.493545 0.107650 0.564727 0.106967 0.576818 0.253552 0.496445 0.253511
0 0.000000 0.257131 0.054027 0.256612 0.016191 0.441803 0.000000 0.439604
0 0.924545 0.261885 0.995736 0.261899 1.000000 0.275902 1.000000 0.438046 0.966991 0.437801
1 0.837455 0.262568 0.916173 0.261270 0.961991 0.437801 0.876182 0.436544
1 0.753273 0.260656 0.830364 0.260642 0.871182 0.435287 0.782036 0.437801
0 0.667073 0.262527 0.745382 0.260642 0.780373 0.436544 0.691227 0.437801
0 0.497118 0.260014 0.577927 0.260014 0.592091 0.437801 0.502945 0.439672