1 0.862250 0.676871 0.922330 0.674965 0.926556 0.948401 0.865220 0.949235
0 0.017658 0.044145 0.075740 0.041850 0.074083 0.306342 0.015294 0.306342
1 0.077721 0.043853 0.135808 0.041558 0.134152 0.306064 0.075363 0.306064
1 0.137224 0.042476 0.195089 0.040751 0.194917 0.304729 0.134860 0.304673
1 0.195888 0.041168 0.255488 0.040654 0.255317 0.304631 0.195260 0.304576
1 0.256294 0.040334 0.313764 0.041029 0.313878 0.303755 0.255665 0.303755
1 0.314849 0.040334 0.371616 0.039917 0.372473 0.302643 0.314597 0.302879
1 0.372747 0.039263 0.429515 0.038846 0.430371 0.301572 0.372496 0.301808
1 0.431748 0.038567 0.488515 0.038150 0.489372 0.300876 0.431496 0.301113
1 0.490417 0.035883 0.547184 0.035466 0.548041 0.298192 0.490166 0.298428
1 0.549052 0.035410 0.605820 0.034993 0.606676 0.297719 0.548801 0.297955
1 0.606739 0.034353 0.665277 0.032545 0.666311 0.293811 0.608435 0.294047
1 0.667219 0.032823 0.726156 0.030181 0.728384 0.293463 0.667653 0.293755
1 0.727299 0.030042 0.788407 0.028234 0.790634 0.290682 0.728898 0.290960
1 0.789714 0.028651 0.850822 0.026843 0.853855 0.289291 0.791314 0.289583
1 0.851799 0.026287 0.911079 0.025313 0.916134 0.289736 0.854397 0.290028
1 0.911993 0.026008 0.980069 0.024618 0.985094 0.288039 0.916819 0.289889
0 0.010708 0.692295 0.071816 0.690487 0.069332 0.962587 0.009537 0.962865
1 0.072707 0.691446 0.131354 0.690264 0.129754 0.962726 0.071531 0.962017
1 0.132016 0.689847 0.193124 0.688039 0.190640 0.960139 0.130845 0.960417
1 0.193347 0.687830 0.253284 0.685953 0.251965 0.958108 0.192170 0.958387
1 0.253855 0.686370 0.312793 0.683588 0.311479 0.957580 0.253798 0.956620
1 0.313592 0.683449 0.373615 0.683310 0.372233 0.956787 0.312439 0.957065
1 0.374129 0.681919 0.431525 0.680668 0.432210 0.952017 0.373238 0.954979
1 0.432724 0.679694 0.491399 0.678484 0.492085 0.949833 0.433113 0.952796
1 0.491890 0.678442 0.550143 0.676495 0.553227 0.948679 0.493107 0.950320
1 0.552479 0.677955 0.610731 0.676008 0.613815 0.948192 0.553695 0.949833
1 0.612222 0.676078 0.672650 0.676815 0.675734 0.948999 0.615608 0.950626
1 0.673615 0.678303 0.733295 0.677608 0.737636 0.951321 0.677196 0.949138
1 0.734894 0.677886 0.796745 0.678720 0.801256 0.951238 0.739577 0.951739
0 0.798972 0.678025 0.860366 0.677330 0.863792 0.949513 0.802690 0.951210
0 0.923529 0.676078 0.993147 0.673435 0.996231 0.944924 0.927813 0.947288