1 0.752024 0.240253 0.751675 0.421162 0.971484 0.423040 0.972530 0.236495
1 0.751675 0.427414 0.752372 0.618970 0.972181 0.619596 0.971832 0.428667
1 0.752024 0.623980 0.752024 0.813646 0.973227 0.813646 0.973575 0.622727
1 0.752024 0.818030 0.751675 0.995182 0.976015 0.997061 0.973227 0.818030
0 0.516189 0.235242 0.516886 0.414273 0.741225 0.418030 0.741225 0.232737
1 0.217999 0.032424 0.218696 0.228354 0.003412 0.227101 0.002366 0.033051
1 0.217768 0.231697 0.218926 0.418970 0.003238 0.416879 0.002366 0.230657
1 0.218347 0.425747 0.217768 0.610929 0.002951 0.608323 0.003238 0.420010
1 0.217881 0.616303 0.217881 0.801495 0.003064 0.797162 0.002833 0.611505
1 0.217381 0.805768 0.218831 0.996172 0.001355 0.991384 0.003047 0.801424
1 0.741574 0.003626 0.742271 0.228354 0.516189 0.231485 0.515143 0.004253
1 0.741433 0.422657 0.741012 0.616465 0.516537 0.612707 0.516116 0.420404
1 0.741012 0.622475 0.741433 0.808010 0.516953 0.805758 0.516537 0.618717
1 0.740596 0.814020 0.742265 0.995808 0.516953 0.995051 0.517375 0.811020
1 0.752192 0.005879 0.752192 0.231970 0.972378 0.231970 0.972378 0.003182