1 0.924417 0.201111 0.919000 0.516349 0.995667 0.516603 0.998917 0.203810
1 0.013250 0.518254 0.019500 0.816825 0.088417 0.817778 0.085583 0.518254
1 0.087667 0.520111 0.091000 0.821429 0.161417 0.820635 0.160000 0.520111
1 0.161925 0.518857 0.164667 0.820000 0.236167 0.818095 0.232250 0.518889
1 0.234350 0.516905 0.238750 0.820635 0.310583 0.818095 0.306683 0.516905
1 0.385983 0.519508 0.388000 0.816667 0.460583 0.816190 0.458325 0.519508
1 0.460450 0.521444 0.462833 0.820000 0.536750 0.819365 0.532783 0.521444
1 0.614208 0.522714 0.614333 0.821270 0.688417 0.820317 0.686542 0.522714
1 0.689008 0.521635 0.691417 0.820317 0.763500 0.819841 0.761342 0.521635
1 0.764083 0.521952 0.766417 0.821746 0.839000 0.822540 0.839167 0.521905
1 0.841608 0.520667 0.844000 0.821111 0.916167 0.819841 0.916333 0.520635
1 0.918192 0.519095 0.920583 0.819540 0.992750 0.818270 0.992917 0.519063
0 0.082908 0.200302 0.085275 0.515667 0.159392 0.516317 0.155242 0.200302
0 0.157700 0.201095 0.160067 0.516460 0.231917 0.516508 0.230033 0.201095
0 0.231817 0.200302 0.234183 0.515667 0.306033 0.515714 0.304150 0.200302
0 0.612133 0.203810 0.614500 0.519175 0.686350 0.519238 0.687417 0.203810
0 0.690858 0.204937 0.690917 0.519206 0.761583 0.518095 0.763200 0.204937
0 0.765500 0.206032 0.763500 0.517460 0.837917 0.516984 0.842667 0.204921
0 0.310167 0.524921 0.314250 0.816508 0.385750 0.816984 0.381333 0.524921
0 0.536933 0.521635 0.539917 0.817937 0.610500 0.820794 0.609267 0.521635
1 0.008033 0.203683 0.080500 0.202746 0.083925 0.515159 0.013425 0.513302
1 0.307983 0.198381 0.310350 0.513746 0.382200 0.513794 0.380317 0.198381
1 0.383383 0.200254 0.385750 0.515619 0.457600 0.515667 0.455717 0.200254
1 0.459758 0.202111 0.462125 0.517476 0.533975 0.517540 0.534500 0.202063
1 0.537583 0.201111 0.537525 0.516540 0.609375 0.516603 0.608500 0.201111
1 0.844250 0.205238 0.841833 0.516508 0.917333 0.516667 0.922083 0.204762