1 0.311972 0.239792 0.401643 0.237292 0.400704 0.000417 0.313615 0.000000
1 0.227934 0.243125 0.310681 0.239167 0.312089 0.000625 0.229225 0.004375
1 0.140728 0.246667 0.226761 0.243333 0.226526 0.001458 0.147430 0.000229 0.147430 0.000229 0.146009 0.000208
1 0.062559 0.251667 0.138615 0.247292 0.143779 0.001250 0.065376 0.000000 0.065376 0.000000 0.065376 0.000000
1 0.061150 0.252083 0.000000 0.252208 0.000000 0.000000 0.064648 0.000000
1 0.402347 0.236875 0.492019 0.236042 0.493075 0.000000 0.432876 0.000000 0.403169 0.000000
1 0.493838 0.237396 0.583509 0.236562 0.584566 0.000521 0.524366 0.000521 0.494660 0.000521
1 0.584953 0.237396 0.677817 0.234792 0.673239 0.000000 0.615481 0.000521 0.585775 0.000521
1 0.679460 0.235000 0.763615 0.234375 0.757394 0.000000 0.674765 0.000208
1 0.765023 0.233750 0.845188 0.235625 0.841432 0.001250 0.758803 0.001458
1 0.846596 0.235208 0.925704 0.236875 0.924531 0.000417 0.842254 0.001250
1 0.927347 0.236667 0.999531 0.237917 1.000000 0.000000 0.926385 0.000000
1 0.850786 0.621083 0.929390 0.618917 0.925986 0.906208 0.850047 0.914417
1 0.060786 0.626042 0.067805 0.930229 0.000000 0.926854 0.000000 0.624958
1 0.062911 0.626458 0.139906 0.626875 0.146009 0.935833 0.068779 0.930000
1 0.141549 0.627292 0.226408 0.628750 0.231338 0.940000 0.147969 0.936250
1 0.229225 0.628750 0.314085 0.627083 0.318779 0.940833 0.234742 0.939792
1 0.315728 0.627292 0.403873 0.625625 0.407394 0.940417 0.320775 0.940417
0 0.405164 0.627083 0.496362 0.626042 0.498944 0.939583 0.409272 0.940000
1 0.498709 0.625000 0.586972 0.623125 0.588263 0.937917 0.500822 0.939167
1 0.589554 0.624958 0.678181 0.625833 0.679108 0.931042 0.591667 0.937500
1 0.679554 0.625708 0.765728 0.622917 0.764906 0.927292 0.681690 0.930000
1 0.768333 0.620833 0.848944 0.620208 0.849413 0.916458 0.768779 0.926042
1 0.930399 0.618542 1.000000 0.617917 1.000000 0.896250 0.927465 0.905417