1 0.070094 0.758779 0.269806 0.762042 0.269394 0.938102 0.070094 0.934839
1 0.069375 0.580466 0.270269 0.583740 0.269863 0.759800 0.070187 0.756493
1 0.069375 0.406881 0.271000 0.406548 0.270250 0.582353 0.069000 0.579023
1 0.070250 0.229856 0.270487 0.229478 0.271187 0.405438 0.069875 0.401998
1 0.070062 0.048169 0.271750 0.048835 0.270688 0.224750 0.070000 0.222420
1 0.548525 0.765927 0.757069 0.768024 0.756475 0.943352 0.548525 0.941254
1 0.548519 0.586992 0.757062 0.592231 0.756469 0.764428 0.548519 0.762320
0 0.547563 0.412764 0.756500 0.413873 0.756188 0.588679 0.548500 0.581354
1 0.546813 0.171809 0.756500 0.173363 0.756188 0.410211 0.547813 0.408102
1 0.756844 0.000000 0.756612 0.172064 0.547000 0.168701 0.546000 0.000000
1 0.969625 0.000000 0.970438 0.168701 0.765906 0.168957 0.764906 0.000255
1 0.970250 0.172175 0.970062 0.409212 0.766500 0.404440 0.765525 0.172431
1 0.972000 0.769034 0.971787 0.947525 0.768225 0.946082 0.767250 0.766038
1 0.970187 0.589345 0.970556 0.763485 0.766994 0.762042 0.767250 0.589567
1 0.969187 0.415871 0.969562 0.584584 0.766000 0.583141 0.766262 0.410666