0 0.467067 0.666820 0.533144 0.664720 0.539233 0.910940 0.471711 0.911980
1 0.038689 0.115660 0.111378 0.117540 0.115222 0.356600 0.040111 0.356000
1 0.113811 0.118780 0.180578 0.118160 0.184000 0.356600 0.116889 0.356600
1 0.180578 0.118160 0.247289 0.118360 0.252500 0.358720 0.186078 0.356840
1 0.250133 0.119420 0.316911 0.118780 0.322822 0.359780 0.254311 0.357920
1 0.318989 0.121920 0.386111 0.121920 0.391333 0.359800 0.324889 0.359200
0 0.388200 0.123160 0.452878 0.123800 0.457333 0.360400 0.393067 0.360420
0 0.452878 0.123800 0.455600 0.123980 0.520978 0.124620 0.526544 0.359360 0.458800 0.357280 0.459556 0.358600
1 0.523756 0.126700 0.590444 0.127200 0.596222 0.361400 0.526544 0.359360 0.528100 0.360400
1 0.592111 0.127200 0.657111 0.126200 0.664556 0.362000 0.597944 0.361960
1 0.659389 0.126180 0.727489 0.126180 0.733000 0.361960 0.664556 0.362000 0.666922 0.362480
0 0.729456 0.126280 0.794089 0.126280 0.799333 0.363200 0.734967 0.362060
1 0.795589 0.127740 0.866889 0.127740 0.870656 0.363520 0.801100 0.361960
1 0.869611 0.128520 0.941767 0.128000 0.944956 0.364300 0.872222 0.363780
1 0.044000 0.669400 0.116989 0.670000 0.120222 0.912600 0.046000 0.914200
1 0.119000 0.670600 0.189144 0.668960 0.191178 0.910480 0.122778 0.912000
1 0.191178 0.668420 0.258111 0.668400 0.261044 0.911000 0.193211 0.910480
1 0.260156 0.668940 0.327967 0.666340 0.331156 0.911000 0.263344 0.912040
1 0.330400 0.667220 0.397056 0.666180 0.400778 0.909800 0.333589 0.909800
1 0.399000 0.665800 0.464756 0.665300 0.470256 0.911000 0.403056 0.911000
0 0.535756 0.664720 0.601544 0.662120 0.606756 0.908860 0.541267 0.909900
1 0.604144 0.663160 0.670222 0.661080 0.675156 0.908340 0.609078 0.909380
1 0.672833 0.662120 0.739489 0.658980 0.744989 0.909900 0.677467 0.908340
0 0.742967 0.660560 0.806433 0.659500 0.811644 0.909380 0.747600 0.910420
1 0.808467 0.659500 0.875411 0.659500 0.882111 0.910400 0.814833 0.909900
1 0.877433 0.660560 0.949600 0.659500 0.953078 0.910940 0.884100 0.909380