1 0.501290 0.060671 0.596530 0.060671 0.597000 0.388869 0.501700 0.388163
1 0.894610 0.684947 0.986450 0.683869 0.985840 0.995389 0.894000 0.995389
1 0.092290 0.052403 0.097810 0.382915 0.000000 0.382915 0.000000 0.051731
1 0.094410 0.053145 0.196030 0.053905 0.201600 0.384452 0.101210 0.383675
1 0.199850 0.055406 0.298490 0.056908 0.301470 0.383675 0.204530 0.384417
1 0.301890 0.059170 0.398830 0.057668 0.401380 0.385177 0.304870 0.385177
1 0.401380 0.057668 0.496620 0.059912 0.500000 0.387456 0.405630 0.386678
1 0.796000 0.682862 0.889100 0.683922 0.889700 0.994346 0.796650 0.996466
1 0.698700 0.683869 0.790530 0.683869 0.792370 0.997562 0.699310 0.996466
1 0.601350 0.682792 0.693800 0.682792 0.696250 0.994311 0.602580 0.995389
1 0.504900 0.682332 0.597370 0.683322 0.597980 0.994859 0.505540 0.993763
1 0.409050 0.688958 0.500880 0.685707 0.500880 0.992898 0.408440 0.992898
1 0.309300 0.688869 0.403500 0.686749 0.403540 0.992898 0.311090 0.992898
0 0.207010 0.690035 0.304970 0.688958 0.306190 0.991820 0.208230 0.991820
1 0.105400 0.687809 0.202700 0.687809 0.204560 0.992898 0.106000 0.996113
1 0.100500 0.688869 0.102930 0.999399 0.068170 1.000000 0.000000 1.000000 0.000000 0.687350
1 0.893850 0.067898 1.000000 0.066025 1.000000 0.385919 0.893500 0.387756
1 0.795000 0.063516 0.891730 0.065389 0.890000 0.387102 0.794600 0.387102
1 0.695800 0.064134 0.792520 0.062261 0.792520 0.389011 0.696510 0.389647
1 0.599900 0.061484 0.693500 0.063604 0.693000 0.388163 0.600800 0.387456