1 0.564885 0.453585 0.667044 0.450881 0.667652 0.705975 0.566080 0.704182
1 0.131887 0.005220 0.235031 0.003711 0.236038 0.253868 0.130377 0.255346
0 0.238050 0.005975 0.343208 0.003711 0.345702 0.253774 0.238574 0.253774
0 0.346205 0.005220 0.451866 0.002956 0.452872 0.255346 0.348721 0.255346
1 0.455388 0.003711 0.560042 0.002956 0.561551 0.254591 0.456373 0.255346
1 0.564046 0.003711 0.669224 0.002956 0.667715 0.256101 0.565556 0.254591
0 0.672725 0.004465 0.775891 0.003711 0.777379 0.256855 0.671216 0.256855
1 0.780398 0.004465 0.884046 0.005220 0.884067 0.259119 0.777379 0.256855 0.781384 0.257610
1 0.886562 0.005975 0.994214 0.006730 0.992725 0.256101 0.888050 0.259874
1 0.131006 0.450881 0.237966 0.450881 0.237966 0.705094 0.130398 0.705094
1 0.237966 0.450881 0.240797 0.452233 0.344759 0.452233 0.343564 0.706447 0.242600 0.703742
1 0.348553 0.454497 0.450713 0.452704 0.451908 0.705094 0.347945 0.706887
1 0.454906 0.452704 0.560671 0.453585 0.560587 0.705975 0.458491 0.705031
1 0.671845 0.452704 0.775807 0.454497 0.776939 0.705975 0.672956 0.705031
1 0.780629 0.455409 0.885178 0.454497 0.885178 0.705094 0.780629 0.704182
0 0.889392 0.456289 0.991551 0.455409 0.992746 0.704182 0.889392 0.705094
1 0.131027 0.710377 0.237317 0.712264 0.237966 0.963774 0.129811 0.962893
0 0.240881 0.713208 0.343816 0.715094 0.346122 0.965723 0.241572 0.963774
0 0.349057 0.714151 0.453103 0.714088 0.453711 0.964686 0.349748 0.966478
1 0.459119 0.712264 0.558910 0.713208 0.558281 0.963836 0.458512 0.964686
1 0.564277 0.715912 0.667652 0.715912 0.667652 0.961981 0.564780 0.960063
0 0.671258 0.715912 0.775807 0.715912 0.776310 0.963522 0.670021 0.961950
1 0.780629 0.715912 0.883375 0.713208 0.884067 0.961950 0.779413 0.961069
1 0.885786 0.716792 0.990356 0.715000 0.989140 0.960189 0.887589 0.961981