1 0.942129 0.706175 1.000000 0.696831 1.000000 0.936858 0.961290 0.946858
0 0.341452 0.266667 0.426177 0.268989 0.420000 0.267213 0.448323 0.474617 0.362742 0.474617
0 0.256774 0.274044 0.336581 0.271803 0.360081 0.475355 0.277161 0.475355
0 0.167581 0.271038 0.251935 0.274044 0.273613 0.476120 0.186258 0.476858
0 0.078952 0.272541 0.164081 0.272541 0.183597 0.476858 0.094903 0.476858
1 0.000323 0.264208 0.075000 0.262295 0.059016 0.054454 0.000000 0.055956 0.000000 0.233525
1 0.061145 0.059863 0.145226 0.056257 0.164903 0.265383 0.078710 0.265383
1 0.147726 0.057350 0.230210 0.056448 0.253081 0.267377 0.167952 0.265574
1 0.567726 0.055355 0.643290 0.060765 0.672016 0.259071 0.596452 0.257377
1 0.234613 0.058962 0.313371 0.056257 0.336790 0.267186 0.256968 0.269891
1 0.317629 0.057158 0.396387 0.055355 0.418726 0.238333 0.421919 0.259973 0.339516 0.260929
0 0.400484 0.056448 0.480306 0.056448 0.507419 0.260929 0.426016 0.261066
1 0.510806 0.269126 0.594839 0.262568 0.621468 0.470902 0.536871 0.473607 0.539000 0.474508
1 0.426177 0.268989 0.507065 0.268087 0.536871 0.473607 0.451194 0.474508
1 0.879016 0.066175 0.949839 0.063388 0.991290 0.258169 0.916774 0.259016
0 0.801855 0.064372 0.874758 0.063470 0.913548 0.260109 0.838548 0.257377
0 0.727887 0.063470 0.799194 0.062568 0.834839 0.254645 0.760323 0.255464
0 0.598597 0.266284 0.674677 0.265383 0.708065 0.468306 0.625194 0.470902
1 0.074952 0.270301 0.089581 0.482869 0.000000 0.484317 0.000000 0.269590
1 0.919355 0.269126 1.000000 0.265710 1.000000 0.464918 0.954419 0.465683
0 0.484710 0.058060 0.562903 0.059836 0.594355 0.258197 0.510790 0.262678
0 0.845000 0.264481 0.915806 0.265301 0.949790 0.464590 0.871565 0.469098 0.872629 0.466393 0.873161 0.466393
1 0.763548 0.262678 0.840177 0.261776 0.871565 0.469098 0.793339 0.467295
1 0.678935 0.266284 0.760323 0.261749 0.790645 0.469126 0.709194 0.468306
0 0.647581 0.062568 0.723113 0.060765 0.757694 0.252760 0.676806 0.255464
1 0.839435 0.713388 0.936806 0.706175 0.958097 0.947760 0.874516 0.947814
1 0.755323 0.716940 0.834113 0.712486 0.870806 0.946721 0.787258 0.953279
1 0.662226 0.721503 0.753226 0.715301 0.785677 0.954071 0.696823 0.954973
1 0.572839 0.724208 0.660645 0.721585 0.693629 0.955874 0.605290 0.955874
1 0.487742 0.726776 0.570177 0.723306 0.603161 0.959481 0.513774 0.960383
1 0.394581 0.728716 0.482371 0.725109 0.511113 0.961284 0.420113 0.962186
1 0.305177 0.727814 0.390855 0.724208 0.417452 0.963087 0.328597 0.964891
0 0.212065 0.729617 0.301984 0.727814 0.325935 0.963989 0.229613 0.971175 0.233339 0.970273
0 0.115210 0.733224 0.208339 0.729617 0.229613 0.971175 0.137565 0.973880
0 0.020548 0.734290 0.112065 0.733388 0.133887 0.973169 0.038645 0.974973