0 0.528539 0.188725 0.579899 0.194902 0.596562 0.533088 0.541820 0.528676
0 0.582618 0.194902 0.634944 0.205392 0.652022 0.543627 0.598944 0.534608
1 0.637191 0.203922 0.690000 0.217647 0.707079 0.552941 0.654944 0.547059
0 0.691798 0.217157 0.741236 0.229412 0.758764 0.558333 0.709101 0.555882
0 0.742910 0.226863 0.791517 0.233725 0.812135 0.565686 0.761461 0.558333
0 0.793708 0.236765 0.844247 0.244167 0.865022 0.573824 0.814270 0.564706
1 0.846135 0.245196 0.900000 0.251471 0.917910 0.582059 0.866910 0.573824
0 0.901854 0.251373 0.943180 0.259608 0.967528 0.592157 0.919562 0.581029
0 0.946742 0.262745 0.995360 0.279216 1.000000 0.339804 1.000000 0.594461 0.969382 0.591324
1 0.016742 0.501471 0.073090 0.504216 0.075056 0.870098 0.015056 0.867157
1 0.076742 0.500000 0.131461 0.501471 0.135494 0.873039 0.078124 0.871569
1 0.135843 0.504412 0.189517 0.510049 0.195551 0.873039 0.138854 0.870098
1 0.923258 0.603725 0.968888 0.609559 0.994056 0.943284 0.947079 0.934510
1 0.870225 0.595098 0.918562 0.599314 0.943393 0.933039 0.892360 0.931373
0 0.820225 0.583333 0.866899 0.593480 0.889708 0.935980 0.838045 0.925735
1 0.766584 0.577402 0.816854 0.584804 0.835697 0.927206 0.784360 0.921373
1 0.774966 0.979902 0.784022 0.988676 0.777989 0.982843
1 0.710562 0.570098 0.761573 0.570098 0.781337 0.918431 0.728000 0.915490
0 0.656517 0.567157 0.705854 0.568578 0.725989 0.919902 0.673978 0.912549
1 0.600236 0.559216 0.653247 0.565098 0.670697 0.911961 0.616337 0.904657
1 0.544472 0.552500 0.596483 0.555441 0.611910 0.899412 0.556888 0.899412
0 0.486101 0.543725 0.539438 0.548088 0.554539 0.900882 0.498843 0.896471
0 0.429775 0.531863 0.482067 0.542255 0.495494 0.896471 0.441809 0.889167
0 0.372022 0.528922 0.425393 0.530392 0.438124 0.890637 0.381416 0.883284
0 0.312022 0.521569 0.367000 0.532010 0.378742 0.883284 0.320022 0.880392
1 0.252584 0.521765 0.307607 0.523235 0.316674 0.878922 0.258966 0.881814
1 0.192596 0.512402 0.249303 0.516765 0.257348 0.876863 0.197629 0.873922
1 0.015618 0.134804 0.072472 0.136275 0.072865 0.488137 0.015393 0.488235
0 0.074944 0.136765 0.127978 0.139706 0.131000 0.488137 0.075236 0.489657
0 0.131910 0.143627 0.185169 0.145098 0.188764 0.491667 0.134404 0.490196
0 0.188427 0.145588 0.242135 0.148529 0.249663 0.501961 0.192202 0.494412
0 0.243843 0.150833 0.299944 0.152353 0.308787 0.503873 0.252011 0.500931
1 0.303000 0.155294 0.358090 0.162696 0.367270 0.506863 0.311843 0.505343
0 0.360843 0.165098 0.414899 0.171029 0.425775 0.521078 0.369000 0.512206
1 0.418056 0.174118 0.469742 0.180049 0.482022 0.522549 0.428258 0.516765
0 0.472809 0.181373 0.525506 0.186029 0.539101 0.529902 0.484697 0.524216