1 0.884607 0.701153 0.935640 0.699712 0.936570 0.960000 0.883688 0.961297
0 0.066012 0.323919 0.115393 0.324496 0.113657 0.031470 0.063843 0.028847
0 0.118853 0.032133 0.171508 0.030173 0.170558 0.323343 0.119112 0.324207
1 0.174483 0.323055 0.224587 0.322478 0.224587 0.032277 0.174277 0.031844
1 0.229132 0.321902 0.280372 0.323055 0.279545 0.031124 0.228822 0.031700
0 0.283471 0.321614 0.334504 0.319308 0.332521 0.028357 0.282934 0.031527
1 0.336488 0.318444 0.390320 0.317666 0.388017 0.028242 0.337045 0.029942
1 0.393998 0.317666 0.441601 0.318444 0.442727 0.029942 0.392045 0.031412
1 0.446694 0.316138 0.497727 0.317003 0.498264 0.031527 0.445279 0.029164
0 0.501653 0.318444 0.552686 0.317579 0.551240 0.026801 0.501663 0.029164
1 0.556343 0.319222 0.605651 0.320807 0.605372 0.028242 0.555496 0.030749
1 0.609607 0.321614 0.660640 0.318444 0.660331 0.028357 0.609329 0.028357
1 0.664019 0.032334 0.716147 0.031527 0.716736 0.321614 0.662593 0.319222
1 0.720682 0.033890 0.771116 0.033112 0.772521 0.327089 0.719835 0.324755
1 0.775124 0.029914 0.825134 0.031729 0.827479 0.329395 0.774483 0.327089
1 0.830548 0.032190 0.880723 0.030807 0.880682 0.330836 0.830052 0.328127
1 0.884814 0.028991 0.934339 0.028991 0.935331 0.333141 0.885124 0.330548
1 0.939907 0.029914 0.984835 0.028530 0.987810 0.332277 0.939463 0.330836
0 0.012583 0.681066 0.063574 0.684236 0.064432 0.956916 0.013709 0.960086
0 0.067562 0.684150 0.119112 0.685879 0.118264 0.959280 0.068399 0.959280
1 0.122510 0.956916 0.172665 0.959280 0.173791 0.685821 0.123079 0.683458
1 0.176756 0.685303 0.225930 0.687032 0.227056 0.964035 0.176064 0.959280
1 0.230134 0.688473 0.281963 0.689337 0.282128 0.960231 0.231508 0.958501
1 0.285847 0.958790 0.335021 0.960519 0.335331 0.689625 0.284504 0.689049
1 0.338326 0.690778 0.390186 0.689914 0.389876 0.958790 0.338430 0.960807
0 0.394318 0.690490 0.443595 0.690778 0.444835 0.959654 0.394112 0.959942
1 0.448461 0.958905 0.497707 0.954755 0.498450 0.690778 0.446829 0.690403
1 0.009298 0.026196 0.061012 0.029510 0.061054 0.321614 0.009298 0.323919
1 0.940351 0.701124 0.984979 0.699164 0.984504 0.959337 0.937996 0.958674
1 0.829855 0.700490 0.880620 0.700490 0.880579 0.961383 0.829649 0.960519
1 0.775072 0.695879 0.825620 0.699712 0.826074 0.957349 0.774835 0.956686
1 0.720537 0.956052 0.770114 0.956686 0.770868 0.695101 0.719349 0.692565
1 0.665052 0.955389 0.716756 0.957349 0.716322 0.695101 0.664101 0.691902
1 0.610506 0.956686 0.660331 0.958012 0.661033 0.693890 0.608616 0.692565
1 0.557851 0.958012 0.607200 0.960000 0.605785 0.693890 0.556911 0.691902
1 0.502376 0.691931 0.554318 0.693228 0.553605 0.960000 0.502841 0.959337