0 0.350571 0.361158 0.412286 0.362062 0.411158 0.597514 0.348647 0.597514
0 0.286421 0.355847 0.348135 0.356751 0.347008 0.592203 0.284496 0.592203
0 0.222992 0.355734 0.284707 0.356638 0.283579 0.592090 0.221068 0.592090
0 0.159293 0.354972 0.221008 0.355876 0.219880 0.591328 0.157368 0.591328
0 0.096376 0.355282 0.158075 0.356186 0.156962 0.591667 0.094436 0.591667
1 0.032917 0.354972 0.094632 0.355876 0.093504 0.591328 0.030992 0.591328
1 0.800767 0.366497 0.862481 0.367401 0.861353 0.602853 0.798842 0.602853
1 0.607504 0.604548 0.669203 0.605452 0.668075 0.840932 0.605564 0.840932
1 0.864917 0.367514 0.926632 0.368418 0.925504 0.603898 0.862992 0.603898
1 0.928226 0.369605 0.989940 0.370508 0.988812 0.605989 0.926301 0.605989
1 0.926451 0.608616 0.988165 0.609520 0.987038 0.844972 0.924526 0.844972
1 0.863910 0.000000 0.863459 0.106780 0.801489 0.104520 0.801504 0.000000
1 0.927353 0.000000 0.927820 0.108475 0.864962 0.107345 0.864962 0.000000
1 0.992436 0.000000 0.992902 0.108107 0.930045 0.106977 0.930045 0.000000
1 0.862902 0.607345 0.924617 0.608249 0.923489 0.843701 0.860977 0.843701
1 0.798571 0.606469 0.860286 0.607373 0.859158 0.842853 0.798045 0.842938
1 0.734932 0.605593 0.796647 0.606497 0.795519 0.841977 0.733008 0.841977
1 0.671128 0.606102 0.732842 0.607006 0.731714 0.842458 0.669203 0.842458
0 0.799684 0.000000 0.800301 0.103955 0.736842 0.103390 0.737293 0.000000
1 0.736301 0.000000 0.735639 0.103672 0.673534 0.101412 0.673910 0.000000
0 0.672060 0.000000 0.672331 0.100847 0.609173 0.099718 0.609669 0.000000
1 0.673519 0.365311 0.735233 0.366215 0.734105 0.601695 0.671594 0.601695
0 0.607654 0.000169 0.607008 0.097910 0.544752 0.097627 0.545248 0.000169
0 0.543579 0.000452 0.542947 0.098192 0.480692 0.097910 0.481188 0.000452
1 0.479128 0.000000 0.478496 0.097740 0.416241 0.097458 0.416722 0.000000
1 0.414586 0.000000 0.414887 0.098305 0.351729 0.097458 0.352195 0.000000
1 0.350075 0.000000 0.350376 0.097458 0.287519 0.096893 0.288511 0.000000
0 0.285925 0.000000 0.285323 0.097006 0.225474 0.095876 0.225263 0.000000
0 0.223158 0.000000 0.222556 0.097458 0.162707 0.096328 0.162496 0.000000
0 0.161504 0.000000 0.160451 0.098023 0.098857 0.097090 0.098647 0.000000
0 0.096241 0.000000 0.095789 0.097740 0.037534 0.095819 0.037398 0.000000
0 0.035489 0.000000 0.035489 0.096864 0.000150 0.096610 0.000000 0.000000
0 0.031323 0.593051 0.093038 0.593955 0.091910 0.829435 0.029398 0.829435
1 0.093534 0.594096 0.155233 0.595000 0.154105 0.830480 0.091594 0.830480
1 0.157113 0.595141 0.218827 0.596045 0.217699 0.831497 0.155188 0.831497
1 0.220992 0.595650 0.282692 0.596554 0.281579 0.832034 0.219053 0.832034
1 0.285128 0.598785 0.346842 0.599689 0.345714 0.835169 0.283203 0.835169
1 0.350391 0.599831 0.412105 0.600734 0.410977 0.836215 0.348466 0.836215
1 0.414271 0.601073 0.475985 0.601977 0.474857 0.837429 0.412346 0.837429
1 0.479068 0.601949 0.540782 0.602853 0.539654 0.838305 0.477143 0.838305
0 0.542932 0.603249 0.604647 0.604153 0.603519 0.839605 0.541008 0.839605
0 0.737398 0.366893 0.799098 0.367797 0.797985 0.603249 0.735459 0.603249
1 0.608271 0.363757 0.669985 0.364661 0.668857 0.600113 0.606346 0.600113
1 0.544120 0.363220 0.605835 0.364124 0.604707 0.599605 0.542195 0.599605
1 0.479970 0.362203 0.541684 0.363107 0.540556 0.598559 0.478045 0.598559
0 0.414722 0.362175 0.476421 0.363079 0.475308 0.598559 0.412797 0.598559