1 0.609129 0.034000 0.617739 0.105547 0.691011 0.104267 0.674860 0.032933
1 0.080590 0.044813 0.054831 0.116053 0.137514 0.115747 0.156910 0.043307
1 0.164817 0.042413 0.139059 0.113667 0.221728 0.113360 0.241124 0.040907
1 0.241994 0.041333 0.223006 0.112760 0.297331 0.112400 0.311096 0.039867
1 0.312500 0.040267 0.298315 0.111120 0.370646 0.110800 0.377107 0.038800
1 0.378230 0.039067 0.371615 0.110280 0.443947 0.109960 0.446348 0.038000
0 0.446910 0.038533 0.444565 0.108200 0.530197 0.106933 0.527388 0.035867
0 0.529916 0.035067 0.530534 0.106573 0.616166 0.105320 0.606601 0.034000
1 0.676264 0.032933 0.691573 0.102880 0.767556 0.101600 0.748694 0.030253
0 0.750843 0.031067 0.769059 0.100960 0.854635 0.098933 0.832584 0.027733
0 0.835112 0.028133 0.856194 0.099560 0.942697 0.097467 0.913062 0.026667
0 0.914888 0.027333 0.943961 0.097760 1.000000 0.096453 1.000000 0.063867 0.983287 0.025987
1 0.019199 0.214987 0.102205 0.213840 0.073174 0.312800 0.000000 0.313947 0.000000 0.272067
0 0.102809 0.214533 0.192978 0.212667 0.175000 0.312000 0.074860 0.313467
0 0.194382 0.213467 0.285393 0.212667 0.271629 0.312000 0.175843 0.311600
0 0.286517 0.212267 0.366011 0.211200 0.357865 0.309467 0.273736 0.311600
1 0.366854 0.211867 0.445365 0.210400 0.444522 0.308267 0.358848 0.309867
1 0.446489 0.210000 0.526404 0.208533 0.531320 0.307467 0.446208 0.307733
1 0.527669 0.208533 0.607725 0.206933 0.619101 0.305067 0.533708 0.307067
0 0.608933 0.206880 0.702978 0.204960 0.720787 0.303733 0.620730 0.305440
0 0.704213 0.204667 0.793118 0.203867 0.821770 0.303333 0.723876 0.303600
1 0.794522 0.204133 0.876404 0.202267 0.909972 0.302400 0.823736 0.302800
0 0.877669 0.202800 0.971489 0.201200 1.000000 0.278733 1.000000 0.299960 0.912500 0.302533
0 0.011250 0.315093 0.099087 0.313600 0.070211 0.426520 -0.000000 0.425960 0.000000 0.353013
1 0.163890 0.426307 0.070857 0.426493 0.100379 0.313987 0.185126 0.313027
1 0.164888 0.426667 0.270646 0.424667 0.281180 0.312267 0.186096 0.313067
1 0.271629 0.425067 0.380056 0.424133 0.385955 0.310800 0.282865 0.312000
1 0.387079 0.310800 0.473034 0.309867 0.475000 0.424533 0.381742 0.424267
0 0.473736 0.309600 0.575843 0.308533 0.582303 0.421333 0.475562 0.423467
0 0.577809 0.308667 0.676966 0.307733 0.693399 0.420000 0.583427 0.420933
1 0.678371 0.306240 0.764831 0.305440 0.790618 0.420640 0.695056 0.420640
0 0.766433 0.305733 0.856742 0.304800 0.890449 0.419600 0.792416 0.420267
1 0.858708 0.304133 0.945646 0.302800 0.984691 0.417333 0.891152 0.418800
1 0.125997 0.594587 0.006475 0.595253 0.000000 0.619813 0.000000 0.763733 0.090000 0.765453
1 0.127528 0.595467 0.244242 0.596533 0.221208 0.765600 0.091152 0.766000
1 0.366573 0.595680 0.469719 0.594560 0.470899 0.764960 0.356966 0.764160
0 0.470857 0.594920 0.574242 0.594000 0.586138 0.766107 0.472317 0.765413
0 0.576545 0.594133 0.680056 0.593733 0.703652 0.767067 0.588343 0.765733
1 0.681517 0.593307 0.805056 0.593080 0.833694 0.765640 0.705548 0.766107
0 0.806798 0.593440 0.938090 0.592800 0.985281 0.763680 0.835112 0.765120
1 0.075534 0.773213 0.000000 0.773987 -0.000000 0.971840 0.025632 0.972280
1 0.174101 0.973880 0.028146 0.971493 0.080154 0.771627 0.203034 0.770427
0 0.205449 0.770560 0.317022 0.770240 0.298652 0.974240 0.174944 0.972640
1 0.300576 0.974347 0.427851 0.975173 0.431924 0.767813 0.318343 0.767813
1 0.432725 0.768133 0.548736 0.768800 0.556320 0.977467 0.429073 0.975333
1 0.550702 0.767467 0.677949 0.768400 0.708146 0.976533 0.558427 0.976267
1 0.682851 0.770747 0.820590 0.768253 0.863666 0.979453 0.709958 0.976387
1 0.822472 0.768320 0.942809 0.766880 0.997079 0.978880 0.865955 0.978560
2 0.245253 0.596387 0.364944 0.597227 0.355337 0.765040 0.224565 0.765880