0 0.729412 0.213235 0.849150 0.241305 0.939853 0.127491 0.820703 0.100625
1 0.856699 0.242555 0.974199 0.270285 1.000000 0.242316 1.000000 0.137197 0.944673 0.128097
1 0.020033 0.280938 0.141814 0.311728 0.024330 0.445763 0.000000 0.438897 0.000000 0.303952
1 0.031307 0.447574 0.149379 0.478373 0.264706 0.341618 0.149379 0.312941
1 0.156863 0.479871 0.276569 0.510368 0.391422 0.371507 0.270131 0.342224
0 0.283497 0.512776 0.401618 0.542068 0.519608 0.401379 0.399510 0.374816
1 0.412876 0.544182 0.533039 0.575276 0.648366 0.429504 0.522369 0.402298
1 0.541683 0.577390 0.662386 0.609081 0.778922 0.460570 0.651144 0.430331
1 0.670490 0.610294 0.795000 0.641985 0.910458 0.491360 0.784265 0.460864
0 0.804118 0.644706 0.933464 0.677610 1.000000 0.589504 1.000000 0.507059 0.918954 0.492555
1 0.030556 0.451746 0.145196 0.481811 0.000000 0.651360 0.000000 0.480358
1 0.031683 0.626415 0.148889 0.658290 0.272549 0.514430 0.152761 0.482960
1 0.160033 0.660395 0.275490 0.692096 0.399608 0.547004 0.279183 0.515855
1 0.280556 0.693934 0.407516 0.728033 0.530343 0.579972 0.406046 0.547656
1 0.410294 0.728768 0.547222 0.764798 0.659869 0.613796 0.538039 0.580285
1 0.552941 0.767463 0.676601 0.798336 0.794069 0.647500 0.666552 0.614890
1 0.121716 0.061949 0.179265 0.000000 0.319657 0.000000 0.229918 0.094550
0 0.684804 0.800276 0.823203 0.832445 0.930621 0.682059 0.802288 0.649908
1 0.360768 0.126857 0.474542 0.152518 0.570588 0.042371 0.463399 0.018107
1 0.483170 0.154044 0.597451 0.182436 0.692974 0.071048 0.579739 0.044210
1 0.606029 0.184246 0.720882 0.211112 0.815850 0.098805 0.700980 0.073162
0 0.236928 0.097610 0.352010 0.122849 0.455229 0.017463 0.385539 0.000000 0.323399 0.000000