1 0.565104 0.425065 0.622266 0.390803 0.683828 0.557463 0.615234 0.597961
0 0.628422 0.390803 0.683828 0.359649 0.743625 0.515415 0.687344 0.551236
1 0.688224 0.354972 0.759458 0.312915 0.828073 0.468727 0.750661 0.521642
0 0.117458 0.375554 0.272255 0.301190 0.287948 0.383819 0.128062 0.464197
0 0.275349 0.299834 0.418271 0.229982 0.437781 0.308100 0.290193 0.381716
1 0.419948 0.228506 0.551865 0.164622 0.576042 0.239022 0.440323 0.308847
0 0.553594 0.162454 0.661703 0.112048 0.690542 0.181900 0.578156 0.237491
1 0.043385 0.119557 0.056927 0.241236 0.000000 0.265028 0.000000 0.131633
1 0.046760 0.118801 0.110375 0.092509 0.126490 0.208948 0.059479 0.240498
0 0.114615 0.093266 0.176536 0.063967 0.195198 0.178146 0.129010 0.207472
1 0.180354 0.064723 0.237604 0.042186 0.260505 0.152611 0.199859 0.177399
1 0.241849 0.042186 0.299526 0.015138 0.323698 0.120304 0.263073 0.149631
1 0.303214 0.016494 0.352104 0.000000 0.357125 0.000000 0.385469 0.094649 0.327813 0.120941
1 0.655688 0.664945 0.684708 0.752168 0.839484 0.646255 0.807813 0.560609
1 0.304797 0.892362 0.485958 0.772417 0.508823 0.872113 0.322385 0.998275
1 0.097240 0.692989 0.122760 0.903266 0.000000 0.982712 0.000000 0.735766
1 0.102536 0.691421 0.183443 0.643137 0.209844 0.848708 0.128036 0.895470
2 0.491234 0.769308 0.655688 0.664945 0.652167 0.671172 0.679427 0.756845 0.513219 0.862768
2 0.808698 0.560609 0.942396 0.482657 0.978437 0.559041 0.839484 0.646255
0 0.188719 0.640018 0.259948 0.596411 0.296885 0.795784 0.215979 0.840959
1 0.266104 0.596411 0.340854 0.552795 0.383948 0.752168 0.303922 0.800461
1 0.346130 0.549216 0.418245 0.505600 0.460453 0.698745 0.388344 0.743911
0 0.422656 0.501384 0.486839 0.467122 0.536083 0.647814 0.464844 0.691421
1 0.492969 0.464022 0.558948 0.423515 0.611719 0.605720 0.543125 0.647786